frequency
0.006108639582603329
-0.5278332671551433
-1.0359774267902173
-1.4886615169193922
-1.8523164794345788
-2.0925748911032214
-2.18069852456777
-2.101242195739853
-1.8580868006499158
-1.476366937979289
-0.9992148451529829
-0.4800610884778263
0.02725280517965206
0.47764976726264324
0.8407958805522703
1.1026443773702035
1.2628672339325497
1.329786132070014
1.3150005475299313
1.2296502081190557
1.0833152330353144
0.8853558211521058
0.6475007550350788
0.3860721961687336
0.1224957096444129
-0.11847518302550201
-0.31244292768181553
-0.4398460691633518
-0.48985503856498774
-0.46254724934055663
-0.3688301920792323
-0.22828619032527447
-0.06566087177434508
0.09305234069080497
0.22409165928708
0.30848125240166335
0.333580750101404
0.29383707075288495
0.19100602374334377
0.03396414742330322
-0.1619918057494754
-0.3765874492082176
-0.5869005556437381
-0.7704355986190131
-0.908442487752128
-0.988736187563699
-1.007284999373927
-0.9681211753291717
-0.8815888892488845
-0.761415929797695
-0.6214170236289083
-0.47271024479246143
-0.32214170155225635
-0.17223554597359908
-0.02253514170244601
0.12819165409549857
0.27963737922656456
0.42828995244249773
0.5669694836887791
0.685762623092449
0.7741493116666096
0.8237809000013545
0.8311842314214558
0.7996739877303302
0.7399401798132177
0.6690767415552439
0.608146964838276
0.5786675309570423
0.5985891649931799
0.6784423085728284
0.8183047504837534
1.0061485546024547
1.2179524971112519
1.4197405339447926
1.5714438532025257
1.6322036916826095
1.5664620356429486
1.3499693832909245
0.974728718823303
0.4519488581319066
-0.1876707783079841
-0.8965769140859
-1.615648269325784
-2.281348951603019
-2.833599657009923
-3.223086555367327
-3.4168746984083147
-3.401583043019997
-3.1839052858016332
-2.7887710391350113
-2.2557852788668304
-1.6346765444918225
-0.9803505687826904
-0.34790650048259913
0.21222201477024238
0.6588870137953516
0.9643843679222938
1.1177311477331475
1.1264769136402084
1.0164369945411735
0.82891713272937
0.6153905853839289
0.430122253668426
0.32178095324378764
0.3254786496424975
0.45677291799631076
0.7088818104542337
1.0537225447314396
1.4465601461261057
1.8332813324173165
2.1588183375394356
2.3751579252977195
2.447660376990612
2.358939629660508
2.110122829767074
1.7197451737461544
1.2207646944951975
0.6562330633438843
0.07413347922057809
-0.47811214816965764
-0.9589290166638802
-1.3370847739525107
-1.5948136631566046
-1.7290910940965156
-1.7508073569130331
-1.681924820465694
-1.5510805421940936
-1.3884141631191729
-1.2205633975730963
-1.0667275891393553
-0.9364678066997373
-0.8295530672868339
-0.7377611321722546
-0.6481794956113747
-0.5472884359554283
-0.42497887391751776
-0.27767662723069503
-0.10990941103996615
0.06605110330772299
0.23244672539951025
0.3697379408408742
0.46093977491971
0.4955707897112849
0.4722409555248099
0.3992107060158351
0.29276425515060256
0.17382109642091198
0.06368422084075655
-0.019965757128247812
-0.06584735598363091
-0.07005852293130553
-0.03525272285199583
0.03147942510805626
0.12119706140248626
0.22530744031704253
0.3367588965335958
0.45002457622248043
0.560115076674568
0.661191061842366
0.7454773721595032
0.8030779629149037
0.8229905489059922
0.7952091700616335
0.7134028768671504
0.5773934332011197
0.3946174002778213
0.17997874186222285
-0.046073127345108426
-0.2608935557203737
-0.44364559288105604
-0.5789774131081441
-0.6594847501132399
-0.6864093865489995
-0.6684971999493595
-0.6193986066825623
-0.554320376691679
-0.4867620571886796
-0.4260809654907567
-0.3763662596691162
-0.3367423147811331
-0.3028598400404381
-0.26905886545092217
-0.23056217247561525
-0.18510239817899474
-0.13358057219629044
-0.07964198005032504
-0.028358114817522997
0.015559446597750215
0.049474764130288104
0.07396687660604999
0.09304602322810143
0.11333975586590746
0.1424035574610086
0.18653633728273106
0.2486246067305278
0.3265712328740991
0.41277537760069427
0.4949278600212382
0.558098566118385
0.5877699467756472
0.5731849519041926
0.5102114811560428
0.402949219090907
0.2635481920067646
0.11013557235764632
-0.03674889848552653
-0.15838037486328274
-0.24170101886009931
-0.2818404854884826
-0.28269669717339335
-0.25547486980286516
-0.2156005332172704
-0.17881473925299807
-0.1574321515713796
-0.1576614254261075
-0.1785836242249683
-0.21294509564125544
-0.24946417717516609
-0.2759927361423001
-0.28269829952685993
-0.26447436678038344
-0.2220248237164966
-0.16143539640403998
-0.09244231548892341
-0.025930946704985598
0.02863801088593273
0.06520785527190366
0.08205252305508696
0.08151268893480906
0.06874037112199789
0.04990795369320053
0.03044474938337942
0.013800130585279418
0.0010283957330855641
-0.008781367802472108
-0.017460820511023812
-0.026496121106920775
-0.035964978045934015
-0.04400778700923295
-0.046983591548686955
-0.040257408725561654
-0.0193975302656989
0.018530301252022326
0.07389024411694063
0.14387827612860873
0.222543616271237
0.3014495095966881
0.37086922225636665
0.421304825743713
0.4450414423131594
0.43742828494044256
0.39762481898990343
0.32866454626616837
0.23684664520926457
0.13062346474619252
0.019260211954968166
-0.08843251315435657
-0.1850562879863787
-0.26515894559953557
-0.32536749065321996
-0.36424235008037653
-0.3820081546683125
-0.3802787861650361
-0.36181529968867876
-0.3302809647262687
-0.289927836431961
-0.2451762345889069
-0.2001132146307872
-0.15800131504078344
-0.12091883487932249
-0.08963004282178168
-0.06371643868190437
-0.04191841730134917
-0.02257634578253503
-0.004045151707486845
0.015010879079301808
0.03547463013846618
0.05775369781001459
0.08181363248612813
0.10720663711390674
0.13307424591514916
0.15815149245133492
0.18083031722995482
0.19933261281281905
0.21199977599813266
0.21764584038533974
0.215872772708594
0.20723252236756778
0.19315124160708155
0.1756001497446501
0.15658230620872562
0.13757397593206425
0.11908587886734569
0.10048164282038453
0.08011750722004568
0.0557750564743944
0.02527944955301684
-0.012846537774399744
-0.05883995303772493
-0.11137656888235582
-0.16752744946202341
-0.22299618017925876
-0.2725968847918479
-0.3109032787904178
-0.33298085407911654
-0.3351054438559789
-0.31537001517299446
-0.2740875689412524
-0.2139142975302113
-0.13964833595593248
-0.05770798034484062
